[[[2.80039389e-04 9.33551634e-04 7.74821696e-03 6.15961746e-01 1.95030070e-02]
  [2.38750908e-04 8.07310454e-04 7.17400726e-03 6.56635851e-01 2.10073863e-02]
  [1.74359084e-04 6.45631979e-04 6.37621417e-03 6.58769010e-01 2.10879740e-02]
  [1.07895012e-04 4.78925558e-04 5.48570363e-03 6.41477632e-01 1.99328355e-02]
  [5.78531702e-05 3.34103608e-04 4.62672250e-03 6.45900706e-01 2.01208803e-02]
  [4.32102260e-06 1.82245148e-04 3.65693004e-03 5.97251771e-01 1.67897915e-02]
  [0.00000000e+00 1.00139184e-04 2.94628935e-03 5.74067722e-01 1.52854122e-02]
  [1.81701114e-05 4.92614827e-05 2.32398465e-03 5.52901866e-01 1.39153800e-02]
  [5.71195242e-05 2.73059811e-05 1.78474539e-03 5.20506568e-01 1.18468662e-02]
  [1.27596692e-04 5.01263478e-05 1.41306113e-03 5.84879210e-01 1.52048245e-02]
  [1.48687440e-04 0.00000000e+00 6.38103203e-04 5.26197123e-01 1.13901888e-02]
  [2.27238843e-04 3.22520748e-05 1.95243497e-04 4.80592357e-01 8.67695275e-03]
  [3.47513312e-04 1.24469280e-04 0.00000000e+00 3.03750262e-01 2.14893754e-04]
  [5.96239969e-04 4.03537032e-04 7.01860496e-04 3.03750262e-01 2.14893754e-04]
  [8.48305239e-04 6.88242518e-04 1.47760104e-03 3.70385861e-01 4.37877024e-03]
  [1.04134161e-03 8.87673862e-04 1.88345284e-03 2.61703576e-01 0.00000000e+00]
  [1.30260244e-03 1.18685764e-03 2.80687537e-03 2.91117056e-01 1.90731785e-03]
  [1.53878135e-03 1.45039000e-03 3.62066391e-03 2.62673579e-01 8.05897693e-04]
  [1.79463962e-03 1.74332420e-03 4.63955634e-03 3.29580423e-01 5.07723130e-03]
  [1.98990924e-03 1.94880139e-03 5.30250192e-03 3.48329448e-01 6.17863096e-03]
  [2.17129105e-03 2.13435214e-03 5.91579152e-03 3.64145874e-01 7.11885518e-03]
  [2.34101449e-03 2.30309731e-03 6.49167665e-03 4.59458692e-01 1.22498253e-02]
  [2.43610802e-03 2.36308424e-03 6.57176051e-03 4.48272269e-01 1.17125397e-02]
  [2.54053134e-03 2.43602853e-03 6.71853943e-03 3.70453085e-01 8.13968762e-03]
  [2.69990978e-03 2.58855194e-03 7.26822161e-03 3.72758095e-01 8.27399366e-03]
  [2.85941441e-03 2.74122058e-03 7.86120046e-03 3.86887774e-01 9.13363016e-03]
  [3.00817496e-03 2.87818108e-03 8.42337606e-03 4.16409289e-01 1.09335114e-02]
  [3.13195388e-03 2.97856157e-03 8.84954250e-03 5.81211788e-01 1.92075050e-02]
  [3.13337541e-03 2.90009364e-03 8.42330709e-03 6.20906477e-01 2.08461903e-02]
  [3.11025377e-03 2.78421748e-03 7.77449991e-03 5.94818441e-01 1.92343744e-02]]]
0.925318613670655